[0 0 0 0 0 0 0 0 0 0 0 0 0 0 0 0 0 0 0 0 0 0 0 0 0 0] (26,)
1 [array([0, 0, 0, 0, 0, 0, 0, 0, 0, 0, 0, 0, 0, 0, 0, 0, 0, 0, 0, 0, 0, 0,
       0, 0, 0, 1], dtype=int8), 978724, 2100851]
3 [array([0, 0, 0, 0, 0, 0, 0, 0, 0, 0, 0, 0, 0, 0, 0, 0, 0, 0, 0, 0, 0, 0,
       0, 0, 1, 1], dtype=int8), 1904747, 3847407]
5 [array([0, 0, 0, 0, 0, 0, 0, 0, 0, 0, 0, 0, 0, 0, 0, 0, 0, 0, 0, 0, 0, 0,
       0, 1, 0, 1], dtype=int8), 1931084, 4169055]
7 [array([0, 0, 0, 0, 0, 0, 0, 0, 0, 0, 0, 0, 0, 0, 0, 0, 0, 0, 0, 0, 0, 0,
       0, 1, 1, 1], dtype=int8), 2857107, 5915611]
13 [array([0, 0, 0, 0, 0, 0, 0, 0, 0, 0, 0, 0, 0, 0, 0, 0, 0, 0, 0, 0, 0, 0,
       1, 1, 0, 1], dtype=int8), 2863016, 5996532]
15 [array([0, 0, 0, 0, 0, 0, 0, 0, 0, 0, 0, 0, 0, 0, 0, 0, 0, 0, 0, 0, 0, 0,
       1, 1, 1, 1], dtype=int8), 3789039, 7743088]
31 [array([0, 0, 0, 0, 0, 0, 0, 0, 0, 0, 0, 0, 0, 0, 0, 0, 0, 0, 0, 0, 0, 1,
       1, 1, 1, 1], dtype=int8), 4519100, 9271734]
47 [array([0, 0, 0, 0, 0, 0, 0, 0, 0, 0, 0, 0, 0, 0, 0, 0, 0, 0, 0, 0, 1, 0,
       1, 1, 1, 1], dtype=int8), 4693857, 9653589]
63 [array([0, 0, 0, 0, 0, 0, 0, 0, 0, 0, 0, 0, 0, 0, 0, 0, 0, 0, 0, 0, 1, 1,
       1, 1, 1, 1], dtype=int8), 5423918, 11182235]
111 [array([0, 0, 0, 0, 0, 0, 0, 0, 0, 0, 0, 0, 0, 0, 0, 0, 0, 0, 0, 1, 1, 0,
       1, 1, 1, 1], dtype=int8), 5603477, 11331123]
127 [array([0, 0, 0, 0, 0, 0, 0, 0, 0, 0, 0, 0, 0, 0, 0, 0, 0, 0, 0, 1, 1, 1,
       1, 1, 1, 1], dtype=int8), 6333538, 12859769]
957 [array([0, 0, 0, 0, 0, 0, 0, 0, 0, 0, 0, 0, 0, 0, 0, 0, 1, 1, 1, 0, 1, 1,
       1, 1, 0, 1], dtype=int8), 6313715, 12917448]
1087 [array([0, 0, 0, 0, 0, 0, 0, 0, 0, 0, 0, 0, 0, 0, 0, 1, 0, 0, 0, 0, 1, 1,
       1, 1, 1, 1], dtype=int8), 6278108, 13035797]
1788 [array([0, 0, 0, 0, 0, 0, 0, 0, 0, 0, 0, 0, 0, 0, 0, 1, 1, 0, 1, 1, 1, 1,
       1, 1, 0, 0], dtype=int8), 6400621, 13046056]
3255 [array([0, 0, 0, 0, 0, 0, 0, 0, 0, 0, 0, 0, 0, 0, 1, 1, 0, 0, 1, 0, 1, 1,
       0, 1, 1, 1], dtype=int8), 6403569, 13322141]
3893 [array([0, 0, 0, 0, 0, 0, 0, 0, 0, 0, 0, 0, 0, 0, 1, 1, 1, 1, 0, 0, 1, 1,
       0, 1, 0, 1], dtype=int8), 6400332, 13337684]
15797 [array([0, 0, 0, 0, 0, 0, 0, 0, 0, 0, 0, 0, 1, 1, 1, 1, 0, 1, 1, 0, 1, 1,
       0, 1, 0, 1], dtype=int8), 6390140, 13352832]
16053 [array([0, 0, 0, 0, 0, 0, 0, 0, 0, 0, 0, 0, 1, 1, 1, 1, 1, 0, 1, 0, 1, 1,
       0, 1, 0, 1], dtype=int8), 6363083, 13371492]
19517 [array([0, 0, 0, 0, 0, 0, 0, 0, 0, 0, 0, 1, 0, 0, 1, 1, 0, 0, 0, 0, 1, 1,
       1, 1, 0, 1], dtype=int8), 6345807, 13376359]
27703 [array([0, 0, 0, 0, 0, 0, 0, 0, 0, 0, 0, 1, 1, 0, 1, 1, 0, 0, 0, 0, 1, 1,
       0, 1, 1, 1], dtype=int8), 6384574, 13394630]
27709 [array([0, 0, 0, 0, 0, 0, 0, 0, 0, 0, 0, 1, 1, 0, 1, 1, 0, 0, 0, 0, 1, 1,
       1, 1, 0, 1], dtype=int8), 6390483, 13475551]
64693 [array([0, 0, 0, 0, 0, 0, 0, 0, 0, 0, 1, 1, 1, 1, 1, 1, 0, 0, 1, 0, 1, 1,
       0, 1, 0, 1], dtype=int8), 6398424, 13561889]
285749 [array([0, 0, 0, 0, 0, 0, 0, 1, 0, 0, 0, 1, 0, 1, 1, 1, 0, 0, 0, 0, 1, 1,
       0, 1, 0, 1], dtype=int8), 6384106, 13611815]
1233973 [array([0, 0, 0, 0, 0, 1, 0, 0, 1, 0, 1, 1, 0, 1, 0, 1, 0, 0, 0, 0, 1, 1,
       0, 1, 0, 1], dtype=int8), 6385521, 13616719]
3462197 [array([0, 0, 0, 0, 1, 1, 0, 1, 0, 0, 1, 1, 0, 1, 0, 1, 0, 0, 0, 0, 1, 1,
       0, 1, 0, 1], dtype=int8), 6397822, 13692887]
最好的选择情况： [array([0, 0, 0, 0, 1, 1, 0, 1, 0, 0, 1, 1, 0, 1, 0, 1, 0, 0, 0, 0, 1, 1,
       0, 1, 0, 1], dtype=int8), 6397822, 13692887]
总共耗时： 687.7402017116547
